ANS is:510
3 9 14 15 20 25 26 
31 37 42 43 48 53 54 
59 65 70 71 76 81 82 
87 93 98 99 105 110 111 
116 121 122 127 133 138 139 
144 149 150 155 161 166 167 
172 177 178 183 189 194 195 
200 201 206 207 212 217 218 
223 229 234 235 240 245 246 
251 257 262 263 268 273 274 
279 285 290 291 296 302 303 
308 313 314 319 325 330 331 
336 341 342 347 353 358 359 
364 369 370 375 381 386 387 
392 397 398 403 409 414 415 
420 425 426 431 437 442 443 
448 453 454 459 465 470 471 
476 481 482 487 493 498 499 
505 510 511 516 521 522 527 
533 538 539 544 549 550 555 
561 566 567 572 577 578 583 
589 594 595 600 601 606 607 
612 617 618 623 629 634 635 
640 645 646 651 657 662 663 
668 673 674 679 685 690 691 
696 702 703 708 713 714 719 
725 730 731 736 741 742 747 
753 758 759 764 769 770 775 
781 786 787 792 797 798 803 
809 814 815 820 825 826 831 
837 842 843 848 853 854 859 
865 870 871 876 881 882 887 
893 898 899 905 910 911 916 
921 922 927 933 938 939 944 
949 950 955 961 966 967 972 
977 978 983 989 994 995 1000 
1001 1006 1007 1012 1017 1018 1023 
1029 1034 1035 1040 1045 1046 1051 
1057 1062 1063 1068 1073 1074 1079 
1085 1090 1091 1096 1102 1103 1108 
1113 1114 1119 1125 1130 1131 1136 
1141 1142 1147 1153 1158 1159 1164 
1169 1170 1175 1181 1186 1187 1192 
1197 1198 1203 1209 1214 1215 1220 
1225 1226 1231 1237 1242 1243 1248 
1253 1254 1259 1265 1270 1271 1276 
1281 1282 1287 1293 1298 1299 1305 
1310 1311 1316 1321 1322 1327 1333 
1338 1339 1344 1349 1350 1355 1361 
1366 1367 1372 1377 1378 1383 1389 
1394 1395 1400 1401 1406 1407 1412 
1417 1418 1423 1429 1434 1435 1440 
1445 1446 1451 1457 1462 1463 1468 
1473 1474 1479 1485 1490 1491 1496 
1502 1503 1508 1513 1514 1519 1525 
1530 1531 1536 1541 1542 1547 1553 
1558 1559 1564 1569 1570 1575 1581 
1586 1587 1592 1597 1598 1603 1609 
1614 1615 1620 1625 1626 1631 1637 
1642 1643 1648 1653 1654 1659 1665 
1670 1671 1676 1681 1682 1687 1693 
1698 1699 1705 1710 1711 1716 1721 
1722 1727 1733 1738 1739 1744 1749 
1750 1755 1761 1766 1767 1772 1777 
1778 1783 1789 1794 1795 1800 1801 
1806 1807 1812 1817 1818 1823 1829 
1834 1835 1840 1845 1846 1851 1857 
1862 1863 1868 1873 1874 1879 1885 
1890 1891 1896 1902 1903 1908 1913 
1914 1919 1925 1930 1931 1936 1941 
1942 1947 1953 1958 1959 1964 1969 
1970 1975 1981 1986 1987 1992 1997 
1998 2003 2009 2014 2015 2020 